# 2022 3339 0
# 2023 3681 1
# 2024 3923 2
# 2025 4735 3
0 0 39
1 0 45
2 0 41
3 0 67
0 1 12
1 1 11
0 2 45
1 2 55
2 2 70
3 2 82
2 3 21
3 3 11
0 4 13
3 4 17
3 5 13
2 6 17
3 7 13
3 8 12
1 9 12
2 10 12
3 10 22
0 11 19
1 11 11
2 11 19
3 11 15
0 12 25
1 12 26
2 12 20
3 12 23
1 13 14
3 13 17
3 14 13
1 15 12
2 15 11
1 16 17
3 16 15
0 17 15
1 17 19
2 17 29
3 17 26
1 18 13
0 19 13
1 19 15
2 19 19
3 19 16
0 20 11
1 20 13
3 20 15
1 21 14
3 22 14
0 23 27
1 23 18
2 23 14
3 23 14
0 24 12
1 24 11
2 24 18
3 24 16
0 25 20
1 25 16
2 25 23
0 26 11
3 26 15
2 27 17
3 27 18
3 28 19
2 29 19
3 29 22
0 30 14
1 30 14
3 30 18
0 31 17
1 31 19
2 31 21
3 31 12
0 32 15
0 33 19
1 33 28
2 33 12
3 33 22
0 34 15
0 35 12
0 36 21
1 36 18
2 36 36
3 36 35
0 37 41
1 37 45
2 37 35
3 37 39
0 38 12
2 38 15
3 38 12
3 39 12
0 40 17
0 41 39
1 41 50
2 41 50
3 41 49
0 42 13
1 42 17
2 42 14
3 42 23
0 43 29
1 43 19
2 43 19
3 43 19
1 44 13
2 44 13
1 45 13
2 45 20
3 45 24
0 46 16
0 47 13
1 47 19
2 47 19
3 47 32
1 48 14
2 48 13
3 48 19
1 49 11
0 50 61
1 50 81
2 50 85
3 50 63
0 51 16
0 52 15
1 52 16
2 52 18
3 52 28
0 53 13
1 54 12
1 55 12
2 55 14
0 56 12
3 57 13
0 58 10
1 58 15
2 58 17
3 58 24
1 59 13
2 59 12
3 59 14
0 60 19
1 60 27
2 60 16
3 60 30
2 61 11
3 61 17
0 62 18
2 62 20
3 63 13
0 64 13
1 64 12
2 64 17
3 64 15
0 65 51
1 65 72
2 65 65
3 65 65
1 66 15
2 66 12
0 67 30
1 67 33
2 67 27
3 67 46
0 68 25
1 68 29
2 68 26
3 68 14
2 69 14
0 70 11
0 71 43
1 71 50
2 71 50
3 71 47
0 72 15
1 72 16
2 72 18
3 72 18
0 73 11
0 74 37
1 74 39
2 74 46
3 74 68
0 75 11
2 76 11
3 76 15
2 77 12
0 78 11
1 78 20
2 78 17
3 78 27
0 79 15
1 79 14
2 79 15
3 79 18
1 80 14
3 80 12
0 81 27
1 81 23
2 81 16
3 81 19
1 82 16
2 82 12
1 83 11
3 84 11
1 85 11
3 85 14
3 86 17
0 87 10
1 88 15
0 89 15
3 89 15
0 90 12
1 90 13
2 90 16
3 90 22
1 91 13
1 92 11
2 92 12
3 92 20
3 93 15
0 94 27
1 94 27
2 94 26
3 94 29
3 95 22
3 96 14
2 97 15
0 98 44
1 98 27
2 98 28
3 98 31
0 99 11
1 99 16
2 99 22
3 99 28
1 100 21
2 100 28
3 100 24
0 101 11
3 101 11
1 102 12
3 103 15
0 104 22
1 104 38
2 104 24
3 104 34
0 105 17
3 106 16
2 107 20
3 107 13
3 108 12
0 109 18
1 109 16
2 109 23
3 109 27
0 110 16
1 110 17
2 110 18
3 110 24
0 111 11
0 112 23
1 112 22
2 112 15
3 112 13
0 113 14
2 114 13
2 115 11
3 115 15
3 116 13
1 117 19
2 117 19
3 117 15
0 118 12
1 118 16
0 119 11
0 120 35
1 120 33
2 120 38
3 120 39
0 121 14
3 122 13
0 123 12
1 123 11
2 123 13
3 123 17
0 124 22
1 124 30
2 124 25
3 124 30
0 125 37
0 126 28
1 126 23
2 126 18
3 126 14
2 127 13
0 128 33
1 128 31
2 128 37
3 128 35
0 129 11
2 130 12
0 131 23
1 131 15
2 131 13
3 131 12
2 132 25
3 132 23
3 133 18
3 134 17
0 135 11
0 136 20
1 136 19
2 136 26
3 136 29
0 137 91
1 137 108
2 137 130
3 137 195
0 138 20
1 138 25
2 138 24
3 138 18
0 139 17
1 139 14
2 139 15
3 139 25
0 140 17
1 140 14
2 140 13
2 141 11
3 141 15
0 142 11
1 143 20
2 143 16
3 143 26
0 144 22
1 144 18
2 144 19
3 144 27
0 145 15
1 145 13
2 145 24
3 145 28
0 146 23
1 146 26
2 146 37
3 146 45
0 147 14
0 148 11
1 148 11
2 148 12
3 148 15
1 149 10
2 149 12
0 150 13
0 151 16
2 151 12
3 152 18
0 153 13
1 154 12
2 154 13
3 154 18
2 155 12
3 155 15
2 156 11
3 156 21
3 157 29
0 158 11
3 158 12
1 159 10
2 159 13
3 159 17
0 160 17
1 160 14
2 160 11
3 160 17
0 161 12
2 161 25
3 161 24
0 162 65
1 162 61
2 162 72
3 162 53
0 163 52
1 163 50
2 163 65
3 163 75
1 164 11
2 164 12
3 164 11
2 165 11
3 165 15
2 166 17
3 166 20
0 167 31
1 167 38
2 167 39
3 167 63
0 168 23
1 168 25
2 168 32
1 169 10
3 169 15
0 170 14
1 170 13
2 170 12
3 170 16
3 171 15
1 172 12
2 172 13
0 173 24
1 173 16
2 174 11
1 175 11
2 175 12
3 175 12
3 176 13
1 177 11
2 177 22
3 177 21
0 178 14
2 178 12
1 179 11
0 180 22
1 180 13
2 180 13
2 181 13
3 181 14
3 182 16
2 183 13
3 183 16
0 184 17
1 184 17
0 185 16
1 185 19
2 185 14
3 185 11
3 186 13
1 187 14
2 187 15
3 187 15
0 188 50
1 188 55
2 188 56
3 188 81
2 189 12
2 190 14
3 190 12
0 191 28
1 191 20
2 191 15
3 191 15
0 192 16
1 192 18
0 193 20
1 194 16
3 195 16
0 196 14
0 197 12
1 198 21
2 198 30
3 198 29
0 199 11
1 200 12
2 200 12
0 201 15
1 201 12
2 202 11
3 202 13
1 203 14
3 203 12
1 204 10
0 205 12
1 206 16
3 206 22
1 207 10
2 207 13
0 208 12
3 208 15
0 209 12
0 210 18
1 210 15
2 210 24
3 210 16
1 211 17
2 211 12
3 211 17
0 212 14
1 212 14
2 212 13
3 212 13
0 213 21
1 213 37
2 213 27
3 213 40
2 214 12
3 215 13
0 216 15
1 216 16
2 216 16
3 216 26
0 217 13
1 217 15
2 217 13
3 217 20
2 218 11
0 219 16
1 219 13
2 219 11
1 220 13
2 220 13
0 221 13
1 221 21
2 221 14
3 221 21
0 222 11
1 222 19
2 222 18
3 222 18
0 223 16
1 223 22
2 223 32
3 223 36
1 224 11
2 224 16
3 224 13
0 225 11
2 225 12
1 226 10
2 226 13
3 226 18
0 227 34
1 227 42
2 227 35
3 227 26
3 228 18
2 229 12
0 230 13
1 230 11
0 231 24
1 231 16
2 231 28
3 231 17
0 232 13
3 232 20
0 233 23
1 233 23
2 233 21
3 233 27
0 234 16
1 234 17
2 234 14
0 235 32
1 235 28
2 235 24
3 235 34
0 236 12
1 236 15
2 236 18
3 236 27
0 237 48
1 237 47
2 237 50
3 237 49
0 238 12
1 238 13
0 239 11
1 239 19
2 239 31
3 239 28
0 240 11
1 241 15
1 242 11
3 243 13
0 244 11
1 244 14
0 245 11
3 245 15
1 246 11
3 246 13
2 247 26
3 247 29
3 248 12
2 249 12
0 250 58
1 250 76
2 250 74
3 250 106
3 251 16
2 252 14
2 253 12
3 253 15
0 254 11
1 254 19
3 255 11
0 256 13
1 256 17
2 256 20
3 256 23
2 257 12
0 258 17
1 258 16
0 259 35
1 259 54
2 259 25
3 259 43
2 260 12
0 261 19
1 261 31
2 261 32
3 261 30
1 262 17
2 262 11
3 262 14
1 263 10
3 263 12
0 264 14
1 264 20
3 265 17
0 266 21
1 266 29
2 266 27
3 266 37
0 267 13
0 268 35
1 268 44
2 268 41
3 268 74
0 269 15
1 269 19
2 269 18
3 269 18
1 270 11
2 270 12
0 271 22
1 271 20
2 271 22
3 271 27
0 272 12
2 272 12
3 272 13
1 273 13
2 273 13
3 273 12
2 274 20
2 275 14
3 275 19
3 276 18
0 277 21
1 277 31
2 277 32
3 277 25
0 278 12
1 278 13
2 278 17
3 278 24
2 279 17
0 280 16
1 280 20
2 280 20
3 280 31
1 281 15
3 281 23
0 282 24
1 282 21
2 282 26
3 282 24
0 283 18
1 283 18
2 283 13
3 283 14
0 284 11
3 285 12
0 286 29
1 286 31
2 286 29
3 286 29
1 287 15
2 287 14
0 288 12
1 288 14
0 289 33
1 289 38
2 289 34
3 289 36
0 290 44
1 290 47
2 290 50
3 290 41
1 291 10
2 292 12
3 292 12
0 293 30
1 293 45
2 293 65
3 293 64
0 294 31
1 294 21
2 294 26
3 294 28
0 295 12
1 295 12
